[gd_scene format=3 uid="uid://nyv4oidcr6c2"]

[ext_resource type="PackedScene" uid="uid://cy26gqwuxo2jh" path="res://actors/player.tscn" id="1_c13y7"]

[sub_resource type="ProceduralSkyMaterial" id="ProceduralSkyMaterial_c13y7"]

[sub_resource type="Sky" id="Sky_8ho6b"]
sky_material = SubResource("ProceduralSkyMaterial_c13y7")

[sub_resource type="Environment" id="Environment_c13y7"]
background_mode = 2
sky = SubResource("Sky_8ho6b")

[node name="Tutorial" type="Node3D" unique_id=1152123012]

[node name="CSGBox3D" type="CSGBox3D" parent="." unique_id=2047903295]
use_collision = true
size = Vector3(10, 1, 10)

[node name="Player" parent="." unique_id=1473385480 instance=ExtResource("1_c13y7")]
transform = Transform3D(1, 0, 0, 0, 1, 0, 0, 0, 1, 0, 1.7081621, 0)

[node name="DirectionalLight3D" type="DirectionalLight3D" parent="." unique_id=1841305057]
transform = Transform3D(1, 0, 0, 0, 0.3451345, 0.9385532, 0, -0.9385532, 0.3451345, 0, 2.8017473, 0)

[node name="WorldEnvironment" type="WorldEnvironment" parent="." unique_id=1879481192]
environment = SubResource("Environment_c13y7")

[node name="CSGBox3D2" type="CSGBox3D" parent="." unique_id=169161698]
transform = Transform3D(0.99999857, -0.0011069803, 0.001259487, 0.001109744, 0.99999696, -0.0021885335, -0.0012570525, 0.0021899329, 0.9999968, 5.5, 0.5, 0)
use_collision = true
size = Vector3(1, 2, 10)

[node name="CSGBox3D3" type="CSGBox3D" parent="." unique_id=508540147]
transform = Transform3D(0.99999857, -0.0011069803, 0.001259487, 0.001109744, 0.99999696, -0.0021885335, -0.0012570525, 0.0021899329, 0.9999968, -5.5, 0.5, 0)
use_collision = true
size = Vector3(1, 2, 10)
